g++ -std=c++23 -O3 -Wall -Weffc++ -Wextra -Wconversion -Wsign-conversion -Werror -Wpedantic  -c -o solution.o solution.cpp
g++  point.o solution.o vector.o  -o solution
W   4	 -4,   0 0
N   1	 -4,  -1 0
F  35	 31,  -1 0
R  90	 31,  -1 1
F   2	 31,   1 1
N   3	 31,  -2 1
W   4	 27,  -2 1
S   1	 27,  -1 1
R  90	 27,  -1 2
F  89	-62,  -1 2
W   3	-65,  -1 2
N   3	-65,  -4 2
R  90	-65,  -4 3
W   5	-70,  -4 3
F  46	-70, -50 3
L  90	-70, -50 2
W   5	-75, -50 2
L  90	-75, -50 1
F  15	-75, -35 1
W   5	-80, -35 1
N   5	-80, -40 1
E   1	-79, -40 1
F  92	-79,  52 1
N   2	-79,  50 1
W   5	-84,  50 1
L 180	-84,  50 3
F  27	-84,  23 3
N   4	-84,  19 3
F  32	-84, -13 3
R  90	-84, -13 0
S   5	-84,  -8 0
F  12	-72,  -8 0
E   3	-69,  -8 0
R  90	-69,  -8 1
N   2	-69, -10 1
F  54	-69,  44 1
R 180	-69,  44 3
E   2	-67,  44 3
L  90	-67,  44 2
E   1	-66,  44 2
R 180	-66,  44 0
F  98	 32,  44 0
N   5	 32,  39 0
F  41	 73,  39 0
S   1	 73,  40 0
R 180	 73,  40 2
N   5	 73,  35 2
F  24	 49,  35 2
W   5	 44,  35 2
R  90	 44,  35 3
S   4	 44,  39 3
R 180	 44,  39 1
W   4	 40,  39 1
R  90	 40,  39 2
W   3	 37,  39 2
N   5	 37,  34 2
E   2	 39,  34 2
F  69	-30,  34 2
N   2	-30,  32 2
R 180	-30,  32 0
F  48	 18,  32 0
W   2	 16,  32 0
N   4	 16,  28 0
E   5	 21,  28 0
S   1	 21,  29 0
W   1	 20,  29 0
F  39	 59,  29 0
S   5	 59,  34 0
L  90	 59,  34 3
E   4	 63,  34 3
R 180	 63,  34 1
E   4	 67,  34 1
L 180	 67,  34 3
E   1	 68,  34 3
R  90	 68,  34 0
F  97	165,  34 0
S   2	165,  36 0
L 270	165,  36 1
N   5	165,  31 1
E   2	167,  31 1
R  90	167,  31 2
S   1	167,  32 2
R  90	167,  32 3
E   4	171,  32 3
N   4	171,  28 3
F   2	171,  26 3
N   3	171,  23 3
L  90	171,  23 2
E   4	175,  23 2
F  84	 91,  23 2
W   5	 86,  23 2
N   2	 86,  21 2
E   4	 90,  21 2
S   2	 90,  23 2
E   1	 91,  23 2
S   5	 91,  28 2
E   2	 93,  28 2
N   4	 93,  24 2
E   1	 94,  24 2
F  94	  0,  24 2
R 180	  0,  24 0
N   2	  0,  22 0
L  90	  0,  22 3
W   4	 -4,  22 3
L 180	 -4,  22 1
F  82	 -4, 104 1
E   1	 -3, 104 1
L 270	 -3, 104 2
F  14	-17, 104 2
S   5	-17, 109 2
S   5	-17, 114 2
R  90	-17, 114 3
F  75	-17,  39 3
R  90	-17,  39 0
E   5	-12,  39 0
S   3	-12,  42 0
R  90	-12,  42 1
N   2	-12,  40 1
F  94	-12, 134 1
L 180	-12, 134 3
E   4	 -8, 134 3
F   3	 -8, 131 3
E   5	 -3, 131 3
N   3	 -3, 128 3
R  90	 -3, 128 0
N   1	 -3, 127 0
E   1	 -2, 127 0
S   1	 -2, 128 0
R  90	 -2, 128 1
N   4	 -2, 124 1
L  90	 -2, 124 0
E   3	  1, 124 0
L 270	  1, 124 1
F  45	  1, 169 1
E   2	  3, 169 1
S   2	  3, 171 1
E   1	  4, 171 1
F  67	  4, 238 1
L  90	  4, 238 0
F  15	 19, 238 0
N   3	 19, 235 0
W   4	 15, 235 0
N   3	 15, 232 0
R  90	 15, 232 1
F  51	 15, 283 1
N   3	 15, 280 1
S   2	 15, 282 1
R  90	 15, 282 2
N   1	 15, 281 2
L 180	 15, 281 0
W   3	 12, 281 0
L  90	 12, 281 3
W   5	  7, 281 3
F   8	  7, 273 3
N   3	  7, 270 3
F  36	  7, 234 3
N   2	  7, 232 3
L  90	  7, 232 2
S   4	  7, 236 2
F  91	-84, 236 2
N   1	-84, 235 2
E   4	-80, 235 2
R  90	-80, 235 3
E   5	-75, 235 3
L  90	-75, 235 2
E   2	-73, 235 2
F  77	-150, 235 2
R  90	-150, 235 3
E   4	-146, 235 3
F   8	-146, 227 3
W   2	-148, 227 3
R  90	-148, 227 0
N   5	-148, 222 0
R  90	-148, 222 1
E   5	-143, 222 1
S   4	-143, 226 1
W   5	-148, 226 1
F  68	-148, 294 1
N   1	-148, 293 1
F  72	-148, 365 1
S   3	-148, 368 1
W   3	-151, 368 1
F  36	-151, 404 1
E   5	-146, 404 1
F  53	-146, 457 1
E   1	-145, 457 1
E   1	-144, 457 1
N   3	-144, 454 1
W   3	-147, 454 1
N   5	-147, 449 1
L 270	-147, 449 2
S   2	-147, 451 2
L 180	-147, 451 0
E   3	-144, 451 0
S   2	-144, 453 0
W   1	-145, 453 0
R  90	-145, 453 1
E   5	-140, 453 1
S   1	-140, 454 1
W   5	-145, 454 1
N   1	-145, 453 1
F  16	-145, 469 1
W   5	-150, 469 1
N   2	-150, 467 1
E   2	-148, 467 1
N   3	-148, 464 1
F   9	-148, 473 1
S   3	-148, 476 1
L 180	-148, 476 3
F  33	-148, 443 3
E   2	-146, 443 3
L  90	-146, 443 2
R  90	-146, 443 3
F  13	-146, 430 3
S   4	-146, 434 3
W   3	-149, 434 3
S   5	-149, 439 3
F  71	-149, 368 3
N   1	-149, 367 3
S   2	-149, 369 3
F  49	-149, 320 3
E   5	-144, 320 3
F   3	-144, 317 3
S   3	-144, 320 3
L 270	-144, 320 0
N   4	-144, 316 0
E   3	-141, 316 0
R 270	-141, 316 3
N   2	-141, 314 3
L  90	-141, 314 2
F  96	-237, 314 2
S   3	-237, 317 2
R 180	-237, 317 0
F  48	-189, 317 0
E   3	-186, 317 0
N   3	-186, 314 0
F   2	-184, 314 0
E   1	-183, 314 0
S   5	-183, 319 0
F  88	-95, 319 0
W   4	-99, 319 0
F  98	 -1, 319 0
E   5	  4, 319 0
F  45	 49, 319 0
R  90	 49, 319 1
N   5	 49, 314 1
W   5	 44, 314 1
L  90	 44, 314 0
S   3	 44, 317 0
E   1	 45, 317 0
F  18	 63, 317 0
E   3	 66, 317 0
S   1	 66, 318 0
F  59	125, 318 0
L 270	125, 318 1
N   4	125, 314 1
L 180	125, 314 3
W   4	121, 314 3
S   2	121, 316 3
F  88	121, 228 3
L  90	121, 228 2
N   4	121, 224 2
F   1	120, 224 2
L 180	120, 224 0
E   4	124, 224 0
L  90	124, 224 3
W   4	120, 224 3
R 180	120, 224 1
F  50	120, 274 1
L 180	120, 274 3
W   5	115, 274 3
F  14	115, 260 3
S   4	115, 264 3
F   6	115, 258 3
R  90	115, 258 0
E   1	116, 258 0
N   5	116, 253 0
E   3	119, 253 0
F  51	170, 253 0
R  90	170, 253 1
E   5	175, 253 1
R  90	175, 253 2
F  78	 97, 253 2
S   1	 97, 254 2
W   4	 93, 254 2
N   2	 93, 252 2
R  90	 93, 252 3
F  43	 93, 209 3
E   2	 95, 209 3
N   4	 95, 205 3
R  90	 95, 205 0
F  44	139, 205 0
L  90	139, 205 3
F  16	139, 189 3
N   2	139, 187 3
W   4	135, 187 3
S   2	135, 189 3
F  53	135, 136 3
S   4	135, 140 3
W   5	130, 140 3
F  30	130, 110 3
L  90	130, 110 2
E   4	134, 110 2
F  87	 47, 110 2
E   3	 50, 110 2
L  90	 50, 110 1
S   1	 50, 111 1
F  34	 50, 145 1
W   1	 49, 145 1
L  90	 49, 145 0
F  74	123, 145 0
S   3	123, 148 0
F   4	127, 148 0
E   4	131, 148 0
N   2	131, 146 0
F  34	165, 146 0
W   1	164, 146 0
L 180	164, 146 2
F  57	107, 146 2
E   3	110, 146 2
R  90	110, 146 3
W   4	106, 146 3
N   1	106, 145 3
R  90	106, 145 0
E   3	109, 145 0
R 180	109, 145 2
F  51	 58, 145 2
S   2	 58, 147 2
R  90	 58, 147 3
S   1	 58, 148 3
E   4	 62, 148 3
S   4	 62, 152 3
F  19	 62, 133 3
W   3	 59, 133 3
F  64	 59,  69 3
E   3	 62,  69 3
N   1	 62,  68 3
E   2	 64,  68 3
L  90	 64,  68 2
E   3	 67,  68 2
W   1	 66,  68 2
S   3	 66,  71 2
R  90	 66,  71 3
F  81	 66, -10 3
E   3	 69, -10 3
S   5	 69,  -5 3
R  90	 69,  -5 0
F  11	 80,  -5 0
R  90	 80,  -5 1
W   4	 76,  -5 1
N   5	 76, -10 1
W   2	 74, -10 1
S   4	 74,  -6 1
W   1	 73,  -6 1
S   4	 73,  -2 1
F  70	 73,  68 1
L 180	 73,  68 3
F  75	 73,  -7 3
F  55	 73, -62 3
S   2	 73, -60 3
W   3	 70, -60 3
S   1	 70, -59 3
L  90	 70, -59 2
E   3	 73, -59 2
L  90	 73, -59 1
W   1	 72, -59 1
F  41	 72, -18 1
S   3	 72, -15 1
L  90	 72, -15 0
N   5	 72, -20 0
L  90	 72, -20 3
W   4	 68, -20 3
F   6	 68, -26 3
R 180	 68, -26 1
E   4	 72, -26 1
F  37	 72,  11 1
L  90	 72,  11 0
F  68	140,  11 0
R  90	140,  11 1
W   3	137,  11 1
F  82	137,  93 1
S   5	137,  98 1
L 270	137,  98 2
S   5	137, 103 2
F  86	 51, 103 2
L  90	 51, 103 1
F  44	 51, 147 1
R  90	 51, 147 2
W   4	 47, 147 2
R 180	 47, 147 0
S   3	 47, 150 0
F  73	120, 150 0
L  90	120, 150 3
E   5	125, 150 3
R  90	125, 150 0
E   1	126, 150 0
S   3	126, 153 0
L  90	126, 153 3
F  15	126, 138 3
R  90	126, 138 0
F  84	210, 138 0
L  90	210, 138 3
R  90	210, 138 0
S   4	210, 142 0
W   2	208, 142 0
E   3	211, 142 0
R 180	211, 142 2
F  29	182, 142 2
R  90	182, 142 3
W   2	180, 142 3
F  28	180, 114 3
N   4	180, 110 3
E   2	182, 110 3
N   2	182, 108 3
F  66	182,  42 3
R  90	182,  42 0
E   5	187,  42 0
R  90	187,  42 1
L 270	187,  42 2
S   1	187,  43 2
F  34	153,  43 2
E   3	156,  43 2
S   3	156,  46 2
F  57	 99,  46 2
N   4	 99,  42 2
S   4	 99,  46 2
F  27	 72,  46 2
N   4	 72,  42 2
W   5	 67,  42 2
L 180	 67,  42 0
E   1	 68,  42 0
S   2	 68,  44 0
F   8	 76,  44 0
S   4	 76,  48 0
E   5	 81,  48 0
L 180	 81,  48 2
F  40	 41,  48 2
L  90	 41,  48 1
N   5	 41,  43 1
W   5	 36,  43 1
N   2	 36,  41 1
L 270	 36,  41 2
F   9	 27,  41 2
E   5	 32,  41 2
N   2	 32,  39 2
E   2	 34,  39 2
L  90	 34,  39 1
N   4	 34,  35 1
R  90	 34,  35 2
S   2	 34,  37 2
E   2	 36,  37 2
F  70	-34,  37 2
E   1	-33,  37 2
N   2	-33,  35 2
F 100	-133,  35 2
L  90	-133,  35 1
E   1	-132,  35 1
F  59	-132,  94 1
L 180	-132,  94 3
E   3	-129,  94 3
S   3	-129,  97 3
L 180	-129,  97 1
F  97	-129, 194 1
W   1	-130, 194 1
F  61	-130, 255 1
S   1	-130, 256 1
E   2	-128, 256 1
N   3	-128, 253 1
R  90	-128, 253 2
W   1	-129, 253 2
E   2	-127, 253 2
R  90	-127, 253 3
F  50	-127, 203 3
S   2	-127, 205 3
W   5	-132, 205 3
F  86	-132, 119 3
S   1	-132, 120 3
L  90	-132, 120 2
S   3	-132, 123 2
F   8	-140, 123 2
L  90	-140, 123 1
E   2	-138, 123 1
F  36	-138, 159 1
L 180	-138, 159 3
E   4	-134, 159 3
R 180	-134, 159 1
E   3	-131, 159 1
N   3	-131, 156 1
E   1	-130, 156 1
F  94	-130, 250 1
N   3	-130, 247 1
F  64	-130, 311 1
L  90	-130, 311 0
S   1	-130, 312 0
S   1	-130, 313 0
F  33	-97, 313 0
E   3	-94, 313 0
S   1	-94, 314 0
L  90	-94, 314 3
N   3	-94, 311 3
W   5	-99, 311 3
N   4	-99, 307 3
L  90	-99, 307 2
F  53	-152, 307 2
W   1	-153, 307 2
N   5	-153, 302 2
F  67	-220, 302 2
E   2	-218, 302 2
F  43	-261, 302 2
N   5	-261, 297 2
W   3	-264, 297 2
W   3	-267, 297 2
L  90	-267, 297 1
L  90	-267, 297 0
E   1	-266, 297 0
S   4	-266, 301 0
W   3	-269, 301 0
R 180	-269, 301 2
S   1	-269, 302 2
F  79	-348, 302 2
S   2	-348, 304 2
W   2	-350, 304 2
F  23	-373, 304 2
L  90	-373, 304 1
W   3	-376, 304 1
F  65	-376, 369 1
E   1	-375, 369 1
R 180	-375, 369 3
E   4	-371, 369 3
N   3	-371, 366 3
L 180	-371, 366 1
S   4	-371, 370 1
E   3	-368, 370 1
E   5	-363, 370 1
L  90	-363, 370 0
F  92	-271, 370 0
W   4	-275, 370 0
F  57	-218, 370 0
S   3	-218, 373 0
L  90	-218, 373 3
S   2	-218, 375 3
L  90	-218, 375 2
S   2	-218, 377 2
F  50	-268, 377 2
E   3	-265, 377 2
L  90	-265, 377 1
S   3	-265, 380 1
R 180	-265, 380 3
E   4	-261, 380 3
F  14	-261, 366 3
E   5	-256, 366 3
S   5	-256, 371 3
E   3	-253, 371 3
N   2	-253, 369 3
L 180	-253, 369 1
W   4	-257, 369 1
S   5	-257, 374 1
S   1	-257, 375 1
L  90	-257, 375 0
F   1	-256, 375 0
S   4	-256, 379 0
F   4	-252, 379 0
R  90	-252, 379 1
S   5	-252, 384 1
F  15	-252, 399 1
N   4	-252, 395 1
L  90	-252, 395 0
W   3	-255, 395 0
L  90	-255, 395 3
S   5	-255, 400 3
L 270	-255, 400 0
W   1	-256, 400 0
R  90	-256, 400 1
S   3	-256, 403 1
L  90	-256, 403 0
W   4	-260, 403 0
F  16	-244, 403 0
R  90	-244, 403 1
S   1	-244, 404 1
F  61	-244, 465 1
L  90	-244, 465 0
N   5	-244, 460 0
R  90	-244, 460 1
F  21	-244, 481 1
R  90	-244, 481 2
N   4	-244, 477 2
W   1	-245, 477 2
F  36	-281, 477 2
S   1	-281, 478 2
L  90	-281, 478 1
W   4	-285, 478 1
R  90	-285, 478 2
E   3	-282, 478 2
N   1	-282, 477 2
F  68	-350, 477 2
N   4	-350, 473 2
E   4	-346, 473 2
R  90	-346, 473 3
E   5	-341, 473 3
S   1	-341, 474 3
R  90	-341, 474 0
F   2	-339, 474 0
R  90	-339, 474 1
E   3	-336, 474 1
W   2	-338, 474 1
R 180	-338, 474 3
F  13	-338, 461 3
R  90	-338, 461 0
S   5	-338, 466 0
F  99	-239, 466 0
E   5	-234, 466 0
R  90	-234, 466 1
F   8	-234, 474 1
S   5	-234, 479 1
F  54	-234, 533 1
L  90	-234, 533 0
S   4	-234, 537 0
R 180	-234, 537 2
W   2	-236, 537 2
S   1	-236, 538 2
F  32	-268, 538 2
W   3	-271, 538 2
N   2	-271, 536 2
W   3	-274, 536 2
N   3	-274, 533 2
E   2	-272, 533 2
N   2	-272, 531 2
R 180	-272, 531 0
S   5	-272, 536 0
E   1	-271, 536 0
R  90	-271, 536 1
F  73	-271, 609 1
L  90	-271, 609 0
W   4	-275, 609 0
R  90	-275, 609 1
S   4	-275, 613 1
F  29	-275, 642 1
F  60	-275, 702 1
L  90	-275, 702 0
N   5	-275, 697 0
E   3	-272, 697 0
N   5	-272, 692 0
E   1	-271, 692 0
F  94	-177, 692 0
N   1	-177, 691 0
E   5	-172, 691 0
R 180	-172, 691 2
N   3	-172, 688 2
E   2	-170, 688 2
R  90	-170, 688 3
W   3	-173, 688 3
L 180	-173, 688 1
F  55	-173, 743 1
N   2	-173, 741 1
W   2	-175, 741 1
R 270	-175, 741 0
F  64	-111, 741 0
E   5	-106, 741 0
W   1	-107, 741 0
N   4	-107, 737 0
E   4	-103, 737 0
N   3	-103, 734 0
E   1	-102, 734 0
R  90	-102, 734 1
E   1	-101, 734 1
S   4	-101, 738 1
L 270	-101, 738 2
W   4	-105, 738 2
S   4	-105, 742 2
L 180	-105, 742 0
F  33	-72, 742 0
R  90	-72, 742 1
E   5	-67, 742 1
S   2	-67, 744 1
W   3	-70, 744 1
W   5	-75, 744 1
N   3	-75, 741 1
W   2	-77, 741 1
F  20	-77, 761 1
W   5	-82, 761 1
S   3	-82, 764 1
W   3	-85, 764 1
R 180	-85, 764 3
F  99	-85, 665 3
E   1	-84, 665 3
F   4	-84, 661 3
E   5	-79, 661 3
F  34	-79, 627 3
F   1	-79, 626 3
F  43	-79, 583 3
S   4	-79, 587 3
E   5	-74, 587 3
R  90	-74, 587 0
N   5	-74, 582 0
F  95	 21, 582 0
W   4	 17, 582 0
F  10	 27, 582 0
N   1	 27, 581 0
L  90	 27, 581 3
S   4	 27, 585 3
W   2	 25, 585 3
L  90	 25, 585 2
F  41	-16, 585 2
L 270	-16, 585 3
F  89	-16, 496 3
L  90	-16, 496 2
F  34	-50, 496 2
N   5	-50, 491 2
F   2	-52, 491 2
W   3	-55, 491 2
F  27	-82, 491 2
S   1	-82, 492 2
R 270	-82, 492 1
W   3	-85, 492 1
N   2	-85, 490 1
R  90	-85, 490 2
F  13	-98, 490 2
N   1	-98, 489 2
F  78	-176, 489 2
W   4	-180, 489 2
R  90	-180, 489 3
S   5	-180, 494 3
F  27	-180, 467 3
N   5	-180, 462 3
E   4	-176, 462 3
F  61	-176, 401 3
L 180	-176, 401 1
N   2	-176, 399 1
R  90	-176, 399 2
W   5	-181, 399 2
S   4	-181, 403 2
S   4	-181, 407 2
E   1	-180, 407 2
F   8	-188, 407 2
R  90	-188, 407 3
E   2	-186, 407 3
R  90	-186, 407 0
E   5	-181, 407 0
F   1	-180, 407 0
E   1	-179, 407 0
L  90	-179, 407 3
F  32	-179, 375 3
W   3	-182, 375 3
S   1	-182, 376 3
S   3	-182, 379 3
R  90	-182, 379 0
E   5	-177, 379 0
F  84	-93, 379 0
N   3	-93, 376 0
F  17	-76, 376 0
R  90	-76, 376 1
S   2	-76, 378 1
F  80	-76, 458 1
L  90	-76, 458 0
F  84	  8, 458 0
S   1	  8, 459 0
F  63	 71, 459 0
R  90	 71, 459 1
N   1	 71, 458 1
R  90	 71, 458 2
N   3	 71, 455 2
F  88	-17, 455 2
F  16	-33, 455 2
N   3	-33, 452 2
W   1	-34, 452 2
N   5	-34, 447 2
L 180	-34, 447 0
S   5	-34, 452 0
F  66	 32, 452 0
R  90	 32, 452 1
W   1	 31, 452 1
F  85	 31, 537 1
S   1	 31, 538 1
F  69	 31, 607 1
R 180	 31, 607 3
S   3	 31, 610 3
F  67	 31, 543 3
F  69	 31, 474 3
W   2	 29, 474 3
F  72	 29, 402 3
R 180	 29, 402 1
W   5	 24, 402 1
F  13	 24, 415 1
            439 (    0.1449ms)              0 (    0.0146ms)          total (    0.2217ms)
